fx(0.901518) = 0.562997 < 0.909647
fx(0.502951) = 0.271344 < 0.957858
fx(0.0519886) = 0.778799 < 0.863062
fx(0.364839) = 0.574873 < 0.689615
fx(0.466008) = 0.504108 < 0.952907
fx(0.593971) = 0.704117 < 0.962396
fx(0.709567) = 0.195145 < 0.212028
fx(0.151468) = 0.219798 < 0.347722
fx(0.906946) = 0.567443 < 0.967992
fx(0.504933) = 0.340635 < 0.498934
